CORRIDA               PROMEDIO                     MAXIMO                     CROMOSOMA MAXIMO                     MINIMO                     PROMEDIO ELITE                     MAXIMO ELITE               CROMOSOMA MAX ELITE               MINIMO ELITE                PROMEDIO RANGO                MAXIMO RANGO                CROMOSOMA MAXRANGO                 MINIMO RANGO
-
1               0.25310142386527973               0.6348693216418618               855543390               6.339340848530674e-05               0.25310142386527973               0.6348693216418618               855543390               6.339340848530674e-05               0.25310142386527973               0.6348693216418618               0.6348693216418618               0.6317052917307896
2               0.6317052443570842               0.6317052443570843               853408788               0.6317052443570843               0.6307805796412895               0.6348693216418618               855543390               0.6301539038017437               0.41748951318582794               0.6348693216418618               0.6348693216418618               0.6317052917307896
3               0.6317052443570842               0.6317052443570843               853408788               0.6317052443570843               0.6320216899845263               0.6348693216418618               855543390               0.6317052443570843               0.5808377840119289               0.6348693216418618               0.6348693216418618               0.6317052917307896
4               0.6317052443570842               0.6317052443570843               853408788               0.6317052443570843               0.632021694721897               0.6348693216418618               855543390               0.6317052917307896               0.6329902810304258               0.6348693216418618               0.6348693216418618               0.6317052917307896
5               0.6317052443570842               0.6317052443570843               853408788               0.6317052443570843               0.632021694721897               0.6348693216418618               855543390               0.6317052917307896               0.6333066887589036               0.6348693216418618               0.6348693216418618               0.6317052917307896
6               0.6317052443570842               0.6317052443570843               853408788               0.6317052443570843               0.632021694721897               0.6348693216418618               855543390               0.6317052917307896               0.6339200984564285               0.6348693216418618               0.6348693216418618               0.6317052917307896
7               0.6317052443570842               0.6317052443570843               853408788               0.6317052443570843               0.632021694721897               0.6348693216418618               855543390               0.6317052917307896               0.6342365061849062               0.6348693216418618               0.6348693216418618               0.6317052917307896
8               0.6317052443570842               0.6317052443570843               853408788               0.6317052443570843               0.632021694721897               0.6348693216418618               855543390               0.6317052917307896               0.6348693216418618               0.6348693216418618               0.6348693216418618               0.6317052917307896
9               0.6317052443570842               0.6317052443570843               853408788               0.6317052443570843               0.632021694721897               0.6348693216418618               855543390               0.6317052917307896               0.6348693216418618               0.6348693216418618               0.6348693216418618               0.6317052917307896
10               0.6317052443570842               0.6317052443570843               853408788               0.6317052443570843               0.632021694721897               0.6348693216418618               855543390               0.6317052917307896               0.6348693216418618               0.6348693216418618               0.6348693216418618               0.6317052917307896
11               0.6317052458375125               0.6317052473179409               853408790               0.6317052443570843               0.632021694721897               0.6348693216418618               855543390               0.6317052917307896               0.6348693216418618               0.6348693216418618               0.6348693216418618               0.6317052917307896
12               0.6317052458375125               0.6317052473179409               853408790               0.6317052443570843               0.632021694721897               0.6348693216418618               855543390               0.6317052917307896               0.6348693216418618               0.6348693216418618               0.6348693216418618               0.6317052917307896
13               0.6317052458375125               0.6317052473179409               853408790               0.6317052443570843               0.632021694721897               0.6348693216418618               855543390               0.6317052917307896               0.6348693216418618               0.6348693216418618               0.6348693216418618               0.6317052917307896
14               0.6317052458375125               0.6317052473179409               853408790               0.6317052443570843               0.632021694721897               0.6348693216418618               855543390               0.6317052917307896               0.6348690176921546               0.6348693216418618               0.6348693216418618               0.6317052917307896
15               0.6317052458375125               0.6317052473179409               853408790               0.6317052443570843               0.632021694721897               0.6348693216418618               855543390               0.6317052917307896               0.6348690176921546               0.6348693216418618               0.6348693216418618               0.6317052917307896
16               0.6317052458375125               0.6317052473179409               853408790               0.6317052443570843               0.632021694721897               0.6348693216418618               855543390               0.6317052917307896               0.6348693216418618               0.6348693216418618               0.6348693216418618               0.6317052917307896
17               0.6317052458375125               0.6317052473179409               853408790               0.6317052443570843               0.632021694721897               0.6348693216418618               855543390               0.6317052917307896               0.6348693216418618               0.6348693216418618               0.6348693216418618               0.6317052917307896
18               0.6317052695243652               0.6317052917307896               853408820               0.6317052473179409               0.632021694721897               0.6348693216418618               855543390               0.6317052917307896               0.6348693216418618               0.6348693216418618               0.6348693216418618               0.6317052917307896
19               0.6317052695243652               0.6317052917307896               853408820               0.6317052473179409               0.632021694721897               0.6348693216418618               855543390               0.6317052917307896               0.6348693216418618               0.6348693216418618               0.6348693216418618               0.6317052917307896
20               0.6317052917307897               0.6317052917307896               853408820               0.6317052917307896               0.632021694721897               0.6348693216418618               855543390               0.6317052917307896               0.6348693216418618               0.6348693216418618               0.6348693216418618               0.6317052917307896
21               0.6317052917307897               0.6317052917307896               853408820               0.6317052917307896               0.632021694721897               0.6348693216418618               855543390               0.6317052917307896               0.6348693216418618               0.6348693216418618               0.6348693216418618               0.6317052917307896
22               0.6317052917307897               0.6317052917307896               853408820               0.6317052917307896               0.632021694721897               0.6348693216418618               855543390               0.6317052917307896               0.6348693216418618               0.6348693216418618               0.6348693216418618               0.6317052917307896
23               0.6317052917307897               0.6317052917307896               853408820               0.6317052917307896               0.632021694721897               0.6348693216418618               855543390               0.6317052917307896               0.6348693216418618               0.6348693216418618               0.6348693216418618               0.6317052917307896
24               0.6317052917307897               0.6317052917307896               853408820               0.6317052917307896               0.632021694721897               0.6348693216418618               855543390               0.6317052917307896               0.6348693216418618               0.6348693216418618               0.6348693216418618               0.6317052917307896
25               0.6317052917307897               0.6317052917307896               853408820               0.6317052917307896               0.632021694721897               0.6348693216418618               855543390               0.6317052917307896               0.6348693216418618               0.6348693216418618               0.6348693216418618               0.6317052917307896
26               0.6317052917307897               0.6317052917307896               853408820               0.6317052917307896               0.632021694721897               0.6348693216418618               855543390               0.6317052917307896               0.6348693216418618               0.6348693216418618               0.6348693216418618               0.6317052917307896
27               0.6317052917307897               0.6317052917307896               853408820               0.6317052917307896               0.632021694721897               0.6348693216418618               855543390               0.6317052917307896               0.6348693216418618               0.6348693216418618               0.6348693216418618               0.6317052917307896
28               0.6317052917307897               0.6317052917307896               853408820               0.6317052917307896               0.632021694721897               0.6348693216418618               855543390               0.6317052917307896               0.6348693216418618               0.6348693216418618               0.6348693216418618               0.6317052917307896
29               0.6317052917307897               0.6317052917307896               853408820               0.6317052917307896               0.632021694721897               0.6348693216418618               855543390               0.6317052917307896               0.6348693216418618               0.6348693216418618               0.6348693216418618               0.6317052917307896
30               0.6317052917307897               0.6317052917307896               853408820               0.6317052917307896               0.632021694721897               0.6348693216418618               855543390               0.6317052917307896               0.6348693216418618               0.6348693216418618               0.6348693216418618               0.6317052917307896
